X,Y,I,Ierr
0.0,0.0,7.243117037037038e-13,7.000468448954054e-15
0.0,1.0,7.48896423076923e-13,7.223403268719274e-15
0.0,2.0,7.955467307692308e-13,8.979165074076477e-15
0.0,3.0,8.630193846153846e-13,1.655838030233291e-14
0.0,4.0,8.680770384615385e-13,8.991009917949957e-15
0.0,5.0,8.63238076923077e-13,6.0764197892855566e-15
0.0,6.0,8.874966153846153e-13,1.6834471418164402e-14
0.0,7.0,8.778599230769231e-13,1.751739699868298e-14
0.0,8.0,8.440412399999999e-13,6.935032344726292e-15
0.0,9.0,8.247846538461539e-13,9.954746436295938e-15
0.0,10.0,8.306341153846154e-13,8.085743661754903e-15
0.0,11.0,8.2834572e-13,1.4457642730459223e-14
0.0,12.0,8.084264615384615e-13,1.1259783367333942e-14
0.0,13.0,7.9436944e-13,1.1242997600568986e-14
0.0,14.0,7.661603076923078e-13,5.869353271732961e-15
0.0,15.0,7.6237e-13,7.720976467739346e-15
0.0,16.0,7.642832399999999e-13,8.269117061839193e-15
0.0,17.0,7.705385600000001e-13,1.2717100106801074e-14
0.0,18.0,7.463897199999999e-13,8.188471371483197e-15
0.0,19.0,7.623828399999999e-13,5.557083038285465e-15
0.0,20.0,7.570290400000001e-13,6.916874805748616e-15
0.0,21.0,7.551376000000001e-13,4.607406576372443e-15
0.0,22.0,7.183197999999999e-13,1.510421641264452e-14
0.0,23.0,6.709240000000001e-13,1.0334734667131028e-14
0.0,24.0,6.239177200000001e-13,1.0551264199213284e-14
0.0,25.0,5.7439575e-13,4.605975269961831e-15
0.0,26.0,5.463550416666667e-13,1.2322014278244602e-14
0.0,27.0,5.040079999999999e-13,6.388806010515579e-15
0.0,28.0,4.704983200000001e-13,1.4323016815517593e-14
0.0,29.0,3.5935895833333333e-13,2.626626157018284e-14
0.0,30.0,3.0650004e-13,1.0976265603491926e-14
1.0,30.0,3.0242136000000005e-13,9.411243228734447e-15
1.0,29.0,3.9444388e-13,1.7380708290101414e-14
1.0,28.0,4.63560625e-13,1.7165975857813672e-14
1.0,27.0,5.3618524e-13,5.479011606339223e-15
1.0,26.0,5.7287096e-13,9.909769831756949e-15
1.0,25.0,6.025039600000001e-13,8.920604111740416e-15
1.0,24.0,6.671745833333333e-13,6.914061414469457e-15
1.0,23.0,6.967903199999999e-13,6.406773807276164e-15
1.0,22.0,7.3317896e-13,8.953495498317958e-15
1.0,21.0,7.856315416666666e-13,6.4716714738103436e-15
1.0,20.0,8.172019600000001e-13,8.060014999886776e-15
1.0,19.0,8.464503600000001e-13,4.774719953086252e-15
1.0,18.0,8.1275384e-13,1.0307680172298716e-14
1.0,17.0,8.123247200000001e-13,5.415034681477128e-15
1.0,16.0,7.868024799999999e-13,1.1901274654825846e-14
1.0,15.0,7.6466644e-13,8.943306646112499e-15
1.0,14.0,7.5644316e-13,1.0029178457600614e-14
1.0,13.0,7.735912e-13,5.135265874324341e-15
1.0,12.0,7.724245833333333e-13,7.135532437017033e-15
1.0,11.0,7.574748400000001e-13,1.0082699645154562e-14
1.0,10.0,8.003498800000001e-13,7.235368481673898e-15
1.0,9.0,8.002193200000001e-13,4.153735318674022e-15
1.0,8.0,8.143494800000001e-13,1.206772582426365e-14
1.0,7.0,8.25882625e-13,9.594909730392198e-15
1.0,6.0,8.480805416666667e-13,1.0863926035965565e-14
1.0,5.0,8.332738333333334e-13,6.643984934175845e-15
1.0,4.0,8.2137164e-13,5.517669035960755e-15
1.0,3.0,8.377916400000001e-13,5.049197337240837e-15
1.0,2.0,7.867203333333332e-13,9.700318227884188e-15
1.0,1.0,7.430224800000001e-13,1.4094184012194538e-14
1.0,0.0,7.2287108e-13,3.64268596417533e-15
2.0,0.0,7.690423199999999e-13,7.297158601647627e-15
2.0,1.0,8.082655199999999e-13,9.77461617914484e-15
2.0,2.0,8.393105416666666e-13,8.259898243820189e-15
2.0,3.0,9.0232316e-13,1.2139430367789089e-14
2.0,4.0,8.8695436e-13,5.858492549316769e-15
2.0,5.0,9.0216152e-13,1.0225117384636716e-14
2.0,6.0,9.2277092e-13,6.698130532738208e-15
2.0,7.0,9.193128e-13,6.65375276366653e-15
2.0,8.0,9.417992916666667e-13,4.718654835501014e-15
2.0,9.0,9.3477976e-13,4.423199423765556e-15
2.0,10.0,9.256073214285714e-13,6.753452196858682e-15
2.0,11.0,9.1348072e-13,1.3425068254634678e-14
2.0,12.0,8.957721666666666e-13,6.739271070045744e-15
2.0,13.0,9.0891125e-13,4.588518626692059e-15
2.0,14.0,8.972824000000001e-13,6.643796896353775e-15
2.0,15.0,8.940375999999999e-13,1.8404037259253736e-14
2.0,16.0,8.834698e-13,6.397716667686995e-15
2.0,17.0,8.9274132e-13,5.900952402587223e-15
2.0,18.0,9.0132068e-13,6.404368419883416e-15
2.0,19.0,9.2408576e-13,6.351144931616658e-15
2.0,20.0,9.2400384e-13,4.722250435375063e-15
2.0,21.0,9.178530416666666e-13,5.037510111480062e-15
2.0,22.0,8.376798399999998e-13,8.544161813448995e-15
2.0,23.0,8.2989296e-13,1.2072078669326175e-14
2.0,24.0,7.942414000000001e-13,4.964162672596459e-15
2.0,25.0,7.462284e-13,1.3869128292722658e-14
2.0,26.0,7.039902916666666e-13,3.57039941135403e-15
2.0,27.0,6.915085833333334e-13,5.7112503514019484e-15
2.0,28.0,6.503287916666666e-13,1.1287651800305082e-14
2.0,29.0,5.570487916666667e-13,1.0665043338633478e-14
2.0,30.0,4.5122858333333336e-13,1.7519321483523715e-14
3.0,30.0,5.306460800000001e-13,1.7111901490880557e-14
3.0,29.0,5.822602083333333e-13,1.455545617909646e-14
3.0,28.0,6.14779375e-13,8.943178554129483e-15
3.0,27.0,6.6759288e-13,9.538989067275437e-15
3.0,26.0,7.24877e-13,1.4800839265393033e-14
3.0,25.0,7.374104166666667e-13,1.1694235160670208e-14
3.0,24.0,7.780139583333333e-13,5.978791624561822e-15
3.0,23.0,7.796485416666667e-13,1.018066820408156e-14
3.0,22.0,8.458277500000001e-13,1.3395668016346432e-14
3.0,21.0,9.374252916666665e-13,1.860758419184493e-14
3.0,20.0,9.637273749999999e-13,8.037649619200975e-15
3.0,19.0,9.722676666666666e-13,6.884169483112834e-15
3.0,18.0,9.51267875e-13,1.2624750991975035e-14
3.0,17.0,9.177956521739131e-13,7.494126143962732e-15
3.0,16.0,9.141870416666665e-13,7.0654074869463236e-15
3.0,15.0,9.175082083333333e-13,8.892300663022881e-15
3.0,14.0,9.142445833333333e-13,8.117297692359757e-15
3.0,13.0,9.029340000000001e-13,6.932359038114896e-15
3.0,12.0,9.359426666666665e-13,6.7083791613341544e-15
3.0,11.0,9.376944166666666e-13,5.638078048093042e-15
3.0,10.0,9.405578333333333e-13,6.449942943330746e-15
3.0,9.0,9.315494583333332e-13,7.033252193326401e-15
3.0,8.0,9.126132083333335e-13,9.294677567382161e-15
3.0,7.0,8.996762083333333e-13,7.138432005578242e-15
3.0,6.0,8.860697391304349e-13,8.258667063823173e-15
3.0,5.0,8.931343043478262e-13,1.1780402910489075e-14
3.0,4.0,9.048544166666666e-13,5.751344153881675e-15
3.0,3.0,8.944147083333333e-13,7.476671744383599e-15
3.0,2.0,8.611767916666666e-13,1.0353138235897229e-14
3.0,1.0,8.206948695652174e-13,5.231887773895672e-15
3.0,0.0,7.972142083333333e-13,1.0076499879997875e-14
4.0,0.0,8.400165416666667e-13,6.392393617803158e-15
4.0,1.0,8.802290869565218e-13,1.0035798618220774e-14
4.0,2.0,9.356753043478261e-13,9.0334257906991e-15
4.0,3.0,9.550132083333334e-13,1.0478135294424482e-14
4.0,4.0,9.626419565217393e-13,9.963606752569527e-15
4.0,5.0,9.46828217391304e-13,1.1088095080669104e-14
4.0,6.0,9.601819565217391e-13,3.833403714923312e-15
4.0,7.0,9.847762608695653e-13,1.2077382721856911e-14
4.0,8.0,9.676526086956523e-13,9.281313623944151e-15
4.0,9.0,9.675295217391304e-13,8.203623069529634e-15
4.0,10.0,9.804363478260869e-13,6.9973069515828295e-15
4.0,11.0,9.778689130434784e-13,8.363244060161696e-15
4.0,12.0,9.751513913043478e-13,9.2050779877155e-15
4.0,13.0,9.516585652173913e-13,1.481550645020887e-14
4.0,14.0,9.484285e-13,6.275666033106846e-15
4.0,15.0,9.609675652173914e-13,9.930643947009084e-15
4.0,16.0,9.710043478260868e-13,6.336282695773287e-15
4.0,17.0,9.789894782608695e-13,5.3314332428944815e-15
4.0,18.0,9.533532727272726e-13,2.168603600598532e-14
4.0,19.0,9.590746521739132e-13,1.4029327318494354e-14
4.0,20.0,9.394087272727272e-13,6.811398469289406e-15
4.0,21.0,9.274586956521741e-13,1.1301795184201194e-14
4.0,22.0,8.978420000000001e-13,2.3029061371496962e-14
4.0,23.0,8.444201363636363e-13,1.1423071917258479e-14
4.0,24.0,8.061854090909091e-13,5.048143327988755e-15
4.0,25.0,7.712639090909091e-13,7.831289896708001e-15
4.0,26.0,7.123244347826088e-13,1.9438512999636852e-14
4.0,27.0,6.476091363636363e-13,1.6481374433240615e-14
4.0,28.0,6.065010909090909e-13,7.235842169424821e-15
4.0,29.0,5.771289545454545e-13,1.230339285237011e-14
4.0,30.0,5.129555e-13,5.6925423362501295e-15
5.0,30.0,5.169420909090909e-13,8.238483001958178e-15
5.0,29.0,5.757378181818183e-13,5.04207057608428e-15
5.0,28.0,6.205165e-13,9.906640320099346e-15
5.0,27.0,7.19818090909091e-13,1.7020995433205137e-14
5.0,26.0,7.417040454545455e-13,1.785121383312955e-14
5.0,25.0,7.920302727272728e-13,9.748068797934089e-15
5.0,24.0,8.586850909090909e-13,1.3724193431869568e-14
5.0,23.0,9.073662727272726e-13,7.938967388668823e-15
5.0,22.0,9.314436363636364e-13,1.1740389104382968e-14
5.0,21.0,1.0146981818181817e-12,1.2241410582847528e-14
5.0,20.0,1.0614995454545454e-12,1.1408922535881826e-14
5.0,19.0,1.0664018181818182e-12,8.495744194682891e-15
5.0,18.0,1.0713986363636363e-12,8.222427365252885e-15
5.0,17.0,1.0891677272727272e-12,1.468783755722529e-14
5.0,16.0,1.1102036363636363e-12,8.90319837599467e-15
5.0,15.0,1.0894509090909089e-12,3.962418807990565e-15
5.0,14.0,1.0814931818181817e-12,7.062705756528855e-15
5.0,13.0,1.10011e-12,1.9232990010965657e-14
5.0,12.0,1.096760476190476e-12,1.4224818511250152e-14
5.0,11.0,1.1322866666666668e-12,8.241344858660228e-15
5.0,10.0,1.1062345454545454e-12,1.6188892018708015e-14
5.0,9.0,1.092260909090909e-12,8.634340480731018e-15
5.0,8.0,1.0759927272727273e-12,2.241906598934736e-14
5.0,7.0,1.0428786363636363e-12,7.902050536787911e-15
5.0,6.0,1.0496609090909091e-12,1.1971074573582833e-14
5.0,5.0,9.909087727272728e-13,6.450729591800354e-15
5.0,4.0,9.624130909090907e-13,4.776675431045497e-15
5.0,3.0,9.689374545454545e-13,6.1494297572086325e-15
5.0,2.0,9.509005454545456e-13,1.0250807057926869e-14
5.0,1.0,9.638345454545451e-13,6.4593355183674324e-15
5.0,0.0,8.806265909090909e-13,1.1827918124117483e-14
6.0,0.0,8.886402272727275e-13,8.797570583724796e-15
6.0,1.0,9.386977727272728e-13,8.753432604266623e-15
6.0,2.0,9.784062173913043e-13,1.9678573960697797e-14
6.0,3.0,1.022610909090909e-12,4.5059162211181326e-15
6.0,4.0,1.0608181818181819e-12,1.4788956763367724e-14
6.0,5.0,1.086056363636364e-12,1.0912114012940164e-14
6.0,6.0,1.1062645454545452e-12,9.514046900754257e-15
6.0,7.0,1.1586449999999999e-12,6.9271073262286914e-15
6.0,8.0,1.162154090909091e-12,4.424012636726673e-15
6.0,9.0,1.2067004545454544e-12,5.649623058441969e-15
6.0,10.0,1.24391e-12,1.2215700776236515e-14
6.0,11.0,1.2916004545454545e-12,1.5410057659402687e-14
6.0,12.0,1.3352418181818181e-12,1.5635500874717938e-14
6.0,13.0,1.3147199999999999e-12,2.1631858239852898e-14
6.0,14.0,1.2899873913043476e-12,4.123964130691319e-15
6.0,15.0,1.3241081818181819e-12,1.4464310509401975e-14
6.0,16.0,1.2995865217391304e-12,6.959145755107588e-15
6.0,17.0,1.2285918181818184e-12,1.1007993226561924e-14
6.0,18.0,1.223029090909091e-12,8.727867025219688e-15
6.0,19.0,1.1796027272727273e-12,1.3226114725942846e-14
6.0,20.0,1.1646131818181818e-12,8.471539726081582e-15
6.0,21.0,1.119607727272727e-12,8.274135457072456e-15
6.0,22.0,1.07815e-12,1.3689984062677523e-14
6.0,23.0,1.0159785909090909e-12,1.5716905885236203e-14
6.0,24.0,9.587689090909091e-13,7.38249793836189e-15
6.0,25.0,8.976374090909092e-13,1.9400890604344313e-14
6.0,26.0,8.049434090909093e-13,1.595852945964831e-14
6.0,27.0,7.549072727272727e-13,1.0222168899823998e-14
6.0,28.0,6.956474090909092e-13,1.1015211220931511e-14
6.0,29.0,6.132332272727273e-13,1.6225099273913452e-14
6.0,30.0,5.618301363636363e-13,8.26729348531392e-15
7.0,30.0,5.706055217391304e-13,6.977597928959724e-15
7.0,29.0,6.407971818181817e-13,2.2071316148168333e-14
7.0,28.0,7.039538260869567e-13,8.320814647889773e-15
7.0,27.0,7.791645652173913e-13,2.0071028989080995e-14
7.0,26.0,8.573675652173914e-13,1.839469016680366e-14
7.0,25.0,8.912816818181817e-13,8.579645263838475e-15
7.0,24.0,9.486208181818181e-13,8.310473346306403e-15
7.0,23.0,1.0041782727272729e-12,1.6005638430315226e-14
7.0,22.0,1.1089936363636366e-12,1.2605013268701129e-14
7.0,21.0,1.1697627272727274e-12,2.2442409363001305e-14
7.0,20.0,1.2739863636363638e-12,1.0644858573489211e-14
7.0,19.0,1.3378545454545456e-12,1.1505585097236558e-14
7.0,18.0,1.3736968181818185e-12,9.753938778473807e-15
7.0,17.0,1.476609090909091e-12,1.3005272325655571e-14
7.0,16.0,1.558887619047619e-12,8.893721651100645e-15
7.0,15.0,1.6336604545454544e-12,1.2913432568549696e-14
7.0,14.0,1.6856300000000002e-12,5.687479070890536e-15
7.0,13.0,1.694831818181818e-12,5.209261539328191e-15
7.0,12.0,1.6936786363636365e-12,9.252193496902883e-15
7.0,11.0,1.6566345454545456e-12,7.67861832225324e-15
7.0,10.0,1.6348090909090909e-12,1.3702864965563338e-14
7.0,9.0,1.5455172727272727e-12,8.123636770570508e-15
7.0,8.0,1.4877536363636367e-12,1.745114936184969e-14
7.0,7.0,1.3973045454545457e-12,1.948511243517906e-14
7.0,6.0,1.3169909090909091e-12,7.992029500520487e-15
7.0,5.0,1.213261818181818e-12,1.5850990687812672e-14
7.0,4.0,1.1384709523809524e-12,1.5564423996122244e-14
7.0,3.0,1.0502472727272725e-12,8.573785194532426e-15
7.0,2.0,1.000673e-12,9.964983273260599e-15
7.0,1.0,9.672479545454548e-13,4.8151824611635886e-15
7.0,0.0,9.31146142857143e-13,1.1919252418574203e-14
8.0,0.0,9.652128181818183e-13,2.3174846992995668e-14
8.0,1.0,1.034069090909091e-12,5.93613963102353e-15
8.0,2.0,1.1056363636363636e-12,8.134109184871133e-15
8.0,3.0,1.178847272727273e-12,1.6251089804524196e-14
8.0,4.0,1.3108173913043476e-12,3.411886819793045e-14
8.0,5.0,1.505087619047619e-12,2.0046440345396526e-14
8.0,6.0,1.8741822727272725e-12,5.900780972440063e-14
8.0,7.0,2.0627199999999995e-12,3.2502791333121555e-14
8.0,8.0,nan,nan
8.0,9.0,nan,nan
8.0,10.0,2.5350963636363635e-12,5.935357181144925e-14
8.0,11.0,2.688080909090909e-12,5.207711370555037e-14
8.0,12.0,2.7565738095238094e-12,6.936947410690443e-14
8.0,13.0,2.8779882608695654e-12,6.491156731190885e-14
8.0,14.0,2.8991495238095243e-12,5.539214698305429e-14
8.0,15.0,2.9268700000000004e-12,8.16805254848318e-14
8.0,16.0,2.5517261904761905e-12,5.822401382151122e-14
8.0,17.0,1.87793e-12,1.6800000000000494e-15
8.0,18.0,1.7145322727272727e-12,3.971172118380373e-14
8.0,19.0,1.5479013636363635e-12,1.479622841852691e-14
8.0,20.0,1.3762418181818182e-12,2.5799117433171594e-14
8.0,21.0,1.2888490909090908e-12,2.002230980887682e-14
8.0,22.0,1.1831654545454545e-12,1.1360030300564873e-14
8.0,23.0,1.1046950000000003e-12,9.055009035686471e-15
8.0,24.0,1.0133396818181816e-12,1.5255792024927825e-14
8.0,25.0,9.202401818181818e-13,1.637532266062777e-14
8.0,26.0,8.642430000000002e-13,8.879318667555518e-15
8.0,27.0,8.171339999999999e-13,9.46282940170191e-15
8.0,28.0,7.664156363636363e-13,2.112804331719394e-14
8.0,29.0,6.933182727272727e-13,9.04912019923291e-15
8.0,30.0,6.669416818181818e-13,7.042725107812668e-15
9.0,30.0,6.730789999999999e-13,4.662748097225684e-15
9.0,29.0,6.77272e-13,5.289333778292106e-15
9.0,28.0,7.553624545454545e-13,8.071573282076671e-15
9.0,27.0,8.251703636363636e-13,1.4657167593630383e-14
9.0,26.0,8.867892727272726e-13,1.8264949140565324e-14
9.0,25.0,9.898424545454546e-13,1.0652091210510031e-14
9.0,24.0,1.0564309090909089e-12,6.04668271871663e-15
9.0,23.0,1.1572268181818183e-12,1.674309203179401e-14
9.0,22.0,1.2602536363636367e-12,2.1455505024766218e-14
9.0,21.0,1.391035909090909e-12,1.37616746004953e-14
9.0,20.0,1.5654281818181819e-12,2.8075661675415535e-14
9.0,19.0,1.8288872727272727e-12,3.9403118610058596e-14
9.0,18.0,2.0871133333333332e-12,1.0725180133167354e-14
9.0,17.0,3.5173499999999997e-12,3.32550263629425e-13
9.0,16.0,6.011157727272727e-12,1.9429459834188574e-13
9.0,15.0,7.497610454545455e-12,1.7486965762785815e-13
9.0,14.0,7.260289545454546e-12,1.5466009159318234e-13
9.0,13.0,7.214190909090909e-12,2.4706263074019185e-13
9.0,12.0,6.969763181818183e-12,2.1774388396350512e-13
9.0,11.0,6.715425909090909e-12,1.491853907866771e-13
9.0,10.0,6.3467709090909085e-12,1.7343826962899747e-13
9.0,9.0,6.069101818181818e-12,1.6444202290380105e-13
9.0,8.0,5.701093181818183e-12,1.2587329500105055e-13
9.0,7.0,5.236825454545455e-12,1.195823200571386e-13
9.0,6.0,4.3777600000000005e-12,1.5826092666571527e-13
9.0,5.0,2.5910359090909095e-12,1.097551774160477e-13
9.0,4.0,1.4954550000000001e-12,2.4849999999999637e-15
9.0,3.0,1.3652909090909086e-12,2.3713729990928117e-14
9.0,2.0,1.2428472727272727e-12,2.3542948989186505e-14
9.0,1.0,1.1235118181818182e-12,1.522400515823122e-14
9.0,0.0,1.0516786363636364e-12,1.6153547399721256e-14
10.0,0.0,1.0591669565217392e-12,2.0281948374544174e-14
10.0,1.0,1.2010460869565217e-12,2.4294533423247893e-14
10.0,2.0,1.333665909090909e-12,1.0447387955017478e-14
10.0,3.0,1.5227227272727274e-12,3.043715181720857e-14
10.0,4.0,1.9692189999999998e-12,8.152464786185829e-14
10.0,5.0,5.140550476190476e-12,2.1680919459671907e-13
10.0,6.0,1.013198181818182e-11,2.6720737438170913e-13
10.0,7.0,1.2224165454545454e-11,3.2918216756527865e-13
10.0,8.0,1.305752318181818e-11,3.522228249842364e-13
10.0,9.0,1.3901750909090908e-11,4.002702445383743e-13
10.0,10.0,1.4321852272727272e-11,3.645820096161408e-13
10.0,11.0,1.4703407727272727e-11,3.5788875572181306e-13
10.0,12.0,1.496917409090909e-11,3.987580533773138e-13
10.0,13.0,1.5486529545454544e-11,3.990590574825791e-13
10.0,14.0,1.556219181818182e-11,3.619715217406468e-13
10.0,15.0,1.557796454545454e-11,4.665121538095938e-13
10.0,16.0,1.1692485454545455e-11,4.722669228377228e-13
10.0,17.0,5.728297727272726e-12,3.3843790847109503e-13
10.0,18.0,2.8280749999999997e-12,6.727300834861425e-14
10.0,19.0,2.274804285714285e-12,4.6836324280507356e-14
10.0,20.0,1.8152525000000002e-12,1.7234434100079996e-14
10.0,21.0,1.6304218181818185e-12,3.374192491092076e-14
10.0,22.0,1.3998277272727274e-12,3.689913277273825e-14
10.0,23.0,1.2451845454545453e-12,1.7382650631454522e-14
10.0,24.0,1.1402963636363634e-12,1.3309061009653446e-14
10.0,25.0,1.0421745454545454e-12,1.473926966467247e-14
10.0,26.0,9.480031818181818e-13,1.23467343589541e-14
10.0,27.0,8.229861818181816e-13,2.170418090355439e-14
10.0,28.0,7.631114090909091e-13,8.932286318636417e-15
10.0,29.0,7.251571818181818e-13,7.964391979511422e-15
10.0,30.0,6.76330090909091e-13,1.6865621132159765e-14
11.0,30.0,6.578358181818182e-13,1.0166694853277996e-14
11.0,29.0,7.182948571428572e-13,8.857447677550472e-15
11.0,28.0,7.819277272727273e-13,1.139949159225899e-14
11.0,27.0,8.505362727272727e-13,9.955994978731614e-15
11.0,26.0,9.280090454545455e-13,1.0534251932181106e-14
11.0,25.0,1.008404909090909e-12,1.517968404243312e-14
11.0,24.0,1.1343713636363635e-12,2.602646525356528e-14
11.0,23.0,1.279935e-12,1.7118062164647226e-14
11.0,22.0,1.4668713636363636e-12,2.632207927256898e-14
11.0,21.0,1.766741304347826e-12,5.866137424859274e-14
11.0,20.0,2.25906e-12,4.769065002702308e-14
11.0,19.0,3.098625e-12,7.620756442112561e-14
11.0,18.0,3.9885777272727275e-12,1.117478925948054e-13
11.0,17.0,9.253379130434784e-12,6.096099119352298e-13
11.0,16.0,1.869835e-11,5.286958033690071e-13
11.0,15.0,2.418435714285714e-11,6.852687082079407e-13
11.0,14.0,2.4421880952380952e-11,5.46488250750752e-13
11.0,13.0,2.4455442857142856e-11,5.568061016457453e-13
11.0,12.0,2.414170454545455e-11,5.681453715037706e-13
11.0,11.0,2.397108636363636e-11,5.846390201696756e-13
11.0,10.0,2.3359863636363635e-11,5.221292277739946e-13
11.0,9.0,2.2542818181818184e-11,5.922254313077103e-13
11.0,8.0,2.145144090909091e-11,5.261540654591329e-13
11.0,7.0,2.009982e-11,5.37302487989773e-13
11.0,6.0,1.628131e-11,4.965319534439944e-13
11.0,5.0,7.367015e-12,3.209215432688977e-13
11.0,4.0,2.2256509523809526e-12,4.377165106765116e-14
11.0,3.0,1.60567e-12,8.484451661716281e-15
11.0,2.0,1.4828477272727274e-12,2.8751254665400436e-14
11.0,1.0,1.2968777272727271e-12,1.9157737324124825e-14
11.0,0.0,1.137217272727273e-12,1.7688564662931553e-14
12.0,0.0,1.1713372727272728e-12,1.5966747884792585e-14
12.0,1.0,1.3151173913043479e-12,1.9561813114462123e-14
12.0,2.0,1.5025273913043478e-12,3.0077602994426936e-14
12.0,3.0,1.8428633333333333e-12,4.9712022435253745e-14
12.0,4.0,2.6601605555555556e-12,9.788503713099254e-14
12.0,5.0,9.55685e-12,3.1675189218061494e-13
12.0,6.0,2.2339531818181816e-11,6.289851431880087e-13
12.0,7.0,2.8584404545454543e-11,6.832421655588308e-13
12.0,8.0,3.060910909090909e-11,7.030516772090423e-13
12.0,9.0,3.1688072727272725e-11,7.63789855786035e-13
12.0,10.0,3.2828677272727274e-11,7.626006031587024e-13
12.0,11.0,3.361867727272728e-11,6.885727649749797e-13
12.0,12.0,3.392188636363636e-11,8.163418514632288e-13
12.0,13.0,3.406704090909091e-11,7.647496991940272e-13
12.0,14.0,3.442994090909091e-11,8.585436811353026e-13
12.0,15.0,3.345498636363636e-11,8.63772288645701e-13
12.0,16.0,2.4910486363636366e-11,1.042976713021417e-12
12.0,17.0,1.1516005909090911e-11,8.663096934786559e-13
12.0,18.0,4.9752927272727275e-12,1.8134297172088577e-13
12.0,19.0,3.686355714285714e-12,9.355940122629659e-14
12.0,20.0,2.647160434782609e-12,6.123240684177823e-14
12.0,21.0,1.9303950000000003e-12,2.19819812573848e-15
12.0,22.0,1.690635e-12,6.032775124645826e-14
12.0,23.0,1.4360254545454543e-12,2.7254274348217994e-14
12.0,24.0,1.2689200000000002e-12,1.8648676531154597e-14
12.0,25.0,1.1499049999999998e-12,2.641868772978013e-14
12.0,26.0,1.0234118636363636e-12,3.47647915730523e-14
12.0,27.0,9.295878636363637e-13,7.683207546895866e-15
12.0,28.0,8.686574545454546e-13,1.048832082811107e-14
12.0,29.0,7.901737727272728e-13,1.0872658426830533e-14
12.0,30.0,7.339774999999999e-13,9.863013557316963e-15
13.0,30.0,7.369909999999999e-13,7.284946252999468e-15
13.0,29.0,7.789892857142857e-13,9.519904482028116e-15
13.0,28.0,8.34125318181818e-13,6.615061405516987e-15
13.0,27.0,8.973376818181819e-13,1.7224743012692696e-14
13.0,26.0,1.0201545000000002e-12,2.4372433531553624e-14
13.0,25.0,1.1428018181818182e-12,2.2679608509600868e-14
13.0,24.0,1.2685922727272729e-12,2.368310078973043e-14
13.0,23.0,1.4157149999999997e-12,3.13496635838119e-14
13.0,22.0,1.6600619047619047e-12,3.3039137054775865e-14
13.0,21.0,2.088756666666667e-12,7.035215127406469e-14
13.0,20.0,3.1408666666666665e-12,1.283893954170498e-13
13.0,19.0,4.515285909090909e-12,1.2837898407234055e-13
13.0,18.0,6.221664545454546e-12,1.6171695783703729e-13
13.0,17.0,1.486566e-11,3.8202412628872905e-13
13.0,16.0,3.165289545454545e-11,9.977617758478098e-13
13.0,15.0,4.218532272727272e-11,1.0279849693505954e-12
13.0,14.0,4.312802727272727e-11,9.144459883557013e-13
13.0,13.0,4.33121e-11,9.45388207899994e-13
13.0,12.0,4.3095613636363635e-11,1.0094918718640111e-12
13.0,11.0,4.2580640909090904e-11,1.068282446759151e-12
13.0,10.0,4.19013e-11,8.719177400733077e-13
13.0,9.0,4.060302272727273e-11,9.58444052491432e-13
13.0,8.0,3.8924045454545455e-11,8.456635763100595e-13
13.0,7.0,3.5687618181818186e-11,1.0279460927837707e-12
13.0,6.0,2.6267336363636365e-11,1.403104514200063e-12
13.0,5.0,1.0150183478260869e-11,9.265472427693872e-13
13.0,4.0,2.78326e-12,7.785444951376193e-14
13.0,3.0,1.95668e-12,5.1899999999999e-15
13.0,2.0,1.7070995454545452e-12,4.9054798901309686e-14
13.0,1.0,1.4346440909090906e-12,3.084342255785898e-14
13.0,0.0,1.2644954545454547e-12,3.045042136255303e-14
14.0,0.0,1.269534090909091e-12,1.208400959160154e-14
14.0,1.0,1.4694818181818182e-12,3.4567267443528087e-14
14.0,2.0,1.7629386363636366e-12,5.991051382121769e-14
14.0,3.0,2.0520666666666665e-12,2.0669243387754136e-14
14.0,4.0,3.446307e-12,2.9281276437512073e-13
14.0,5.0,1.283873761904762e-11,3.727189990417875e-13
14.0,6.0,3.24150590909091e-11,9.885378981373035e-13
14.0,7.0,4.355019545454545e-11,9.29166791210507e-13
14.0,8.0,4.6868831818181824e-11,1.129227705270837e-12
14.0,9.0,4.8779681818181813e-11,1.2056930318045927e-12
14.0,10.0,5.021320909090908e-11,1.1650516543012517e-12
14.0,11.0,5.091087272727272e-11,1.228510295654426e-12
14.0,12.0,5.135024999999999e-11,1.1977266442382345e-12
14.0,13.0,5.143581363636365e-11,1.189213612700524e-12
14.0,14.0,5.1167563636363634e-11,1.293155480543428e-12
14.0,15.0,4.8946900000000003e-11,1.2065916530760215e-12
14.0,16.0,3.429006363636363e-11,1.3468339030162732e-12
14.0,17.0,1.5360098181818183e-11,9.318848912121183e-13
14.0,18.0,6.864035454545455e-12,2.0053061726618463e-13
14.0,19.0,4.8921681818181815e-12,1.572254414884552e-13
14.0,20.0,3.3006527272727276e-12,9.694529732988681e-14
14.0,21.0,2.2783885e-12,6.206343821244517e-14
14.0,22.0,1.6741519999999996e-12,1.1570558154211926e-14
14.0,23.0,1.5414542857142856e-12,2.1204019064549906e-14
14.0,24.0,1.3409799999999998e-12,2.7448682161097488e-14
14.0,25.0,1.1800223809523808e-12,2.3217911169891443e-14
14.0,26.0,1.047330909090909e-12,1.545865421317925e-14
14.0,27.0,9.549158095238095e-13,1.256822757750309e-14
14.0,28.0,8.877038571428572e-13,1.0976585987089645e-14
14.0,29.0,8.041131818181817e-13,1.5399344131949732e-14
14.0,30.0,7.512740454545456e-13,9.036432378671215e-15
15.0,30.0,7.342292727272727e-13,1.1525046665974603e-14
15.0,29.0,7.960120909090911e-13,5.2816558001951846e-15
15.0,28.0,8.437099523809525e-13,4.5981116566756216e-15
15.0,27.0,9.346770454545453e-13,1.734881047920544e-14
15.0,26.0,1.0300313636363638e-12,8.246974814745188e-15
15.0,25.0,1.1725077272727271e-12,2.515304842031502e-14
15.0,24.0,1.317241363636364e-12,1.227020126361368e-14
15.0,23.0,1.5251681818181818e-12,2.936836077951973e-14
15.0,22.0,1.8279163636363637e-12,4.8779009508138236e-14
15.0,21.0,2.4416523529411767e-12,7.239531513355817e-14
15.0,20.0,3.6321204545454547e-12,9.443961873153149e-14
15.0,19.0,5.376949090909092e-12,1.5041224288024048e-13
15.0,18.0,7.656851818181819e-12,2.4181625486074343e-13
15.0,17.0,1.6914856500000002e-11,1.196837526255235e-12
15.0,16.0,3.7416581818181814e-11,1.5969840762103485e-12
15.0,15.0,5.2765009090909085e-11,1.3717289368825717e-12
15.0,14.0,5.5298886363636374e-11,1.1844682233334826e-12
15.0,13.0,5.578520454545454e-11,1.2442361188796896e-12
15.0,12.0,5.573084545454546e-11,1.355121345364007e-12
15.0,11.0,5.535258181818182e-11,1.38287984511781e-12
15.0,10.0,5.4819459090909084e-11,1.2627045269647824e-12
15.0,9.0,5.343926363636363e-11,1.3005112000305721e-12
15.0,8.0,5.1301640909090916e-11,1.1914469872077583e-12
15.0,7.0,4.726527727272727e-11,1.291381380865896e-12
15.0,6.0,3.413045454545454e-11,1.6722674801617747e-12
15.0,5.0,1.3088862727272726e-11,1.089749945230063e-12
15.0,4.0,3.5357523809523807e-12,9.178696286223842e-14
15.0,3.0,nan,nan
15.0,2.0,1.76864e-12,0.0
15.0,1.0,1.5795073913043475e-12,2.9558813181062745e-14
15.0,0.0,1.3820772727272727e-12,2.8052105119810387e-14
16.0,0.0,1.3839945454545454e-12,8.189622994582096e-15
16.0,1.0,1.5996122727272726e-12,2.9275435705447685e-14
16.0,2.0,1.9115299999999996e-12,6.065330386355897e-14
16.0,3.0,2.335196315789474e-12,5.2366555137347945e-14
16.0,4.0,3.778047727272727e-12,2.1147950248690156e-13
16.0,5.0,1.3612493333333334e-11,3.902383323088273e-13
16.0,6.0,3.5323945454545456e-11,9.280927685446065e-13
16.0,7.0,4.88796e-11,1.126136338024034e-12
16.0,8.0,5.2822340909090905e-11,1.22575099898318e-12
16.0,9.0,5.521092272727272e-11,1.051001849289878e-12
16.0,10.0,5.6632931818181806e-11,1.3893140051466757e-12
16.0,11.0,5.7170359090909083e-11,1.4957666889832454e-12
16.0,12.0,5.7008468181818176e-11,1.2692562816598777e-12
16.0,13.0,5.7051081818181815e-11,1.3875542520552822e-12
16.0,14.0,5.6289613636363626e-11,1.3909478456647844e-12
16.0,15.0,5.326274545454545e-11,1.2661136186008789e-12
16.0,16.0,3.662748181818182e-11,1.608346760619952e-12
16.0,17.0,1.6154765454545458e-11,9.019470956604095e-13
16.0,18.0,7.689646818181819e-12,3.060515494664013e-13
16.0,19.0,5.402748636363636e-12,1.27375684003711e-13
16.0,20.0,3.6095177272727273e-12,1.1064030910739611e-13
16.0,21.0,2.4552040909090906e-12,7.094519419043842e-14
16.0,22.0,1.815905e-12,2.7050000000000374e-15
16.0,23.0,1.625207727272727e-12,3.391504760317491e-14
16.0,24.0,1.375289090909091e-12,3.345830497650509e-14
16.0,25.0,1.1996968181818182e-12,2.8226445109372102e-14
16.0,26.0,1.0224585909090907e-12,3.0546725745768396e-14
16.0,27.0,8.812725652173914e-13,2.1894846977286454e-14
16.0,28.0,8.360519130434782e-13,8.2557131254562e-15
16.0,29.0,7.711942727272728e-13,1.0037956325783997e-14
16.0,30.0,6.987693636363638e-13,7.000953516521584e-15
17.0,30.0,6.773199999999999e-13,1.1400273298159446e-14
17.0,29.0,7.299175238095238e-13,9.386148779776482e-15
17.0,28.0,7.997923636363637e-13,1.5162239887735023e-14
17.0,27.0,9.060423636363634e-13,1.4543760391395132e-14
17.0,26.0,9.944414545454546e-13,2.416382791719001e-14
17.0,25.0,1.1604922727272727e-12,2.7153468543182824e-14
17.0,24.0,1.337004090909091e-12,2.6123193223140896e-14
17.0,23.0,1.5456954545454546e-12,3.331740177680463e-14
17.0,22.0,1.871791304347826e-12,5.2589598517308725e-14
17.0,21.0,2.53671e-12,1.0044706833373534e-13
17.0,20.0,3.791609130434783e-12,1.576756100880385e-13
17.0,19.0,5.6365176190476186e-12,1.26098719637953e-13
17.0,18.0,8.03641272727273e-12,1.87223566945603e-13
17.0,17.0,1.792865e-11,1.4690788989193198e-12
17.0,16.0,3.84219e-11,1.1459425160102917e-12
17.0,15.0,5.400990909090909e-11,1.2724660302338812e-12
17.0,14.0,5.700034545454544e-11,1.2903116571120863e-12
17.0,13.0,5.7114481818181823e-11,1.2189557459475348e-12
17.0,12.0,5.7458481818181815e-11,1.3045988312805256e-12
17.0,11.0,5.689555000000001e-11,1.280852687488086e-12
17.0,10.0,5.6998090909090906e-11,1.2133500495094683e-12
17.0,9.0,5.532775454545454e-11,1.3003353237905677e-12
17.0,8.0,5.336186363636364e-11,1.2376856516555609e-12
17.0,7.0,4.8441559090909086e-11,1.0987006845522293e-12
17.0,6.0,3.343930454545454e-11,1.3843820822030286e-12
17.0,5.0,1.1962727727272727e-11,8.739245543988327e-13
17.0,4.0,3.6283636363636358e-12,1.3333864247728775e-13
17.0,3.0,2.4288577272727273e-12,7.5491721035056e-14
17.0,2.0,1.99576e-12,2.969999999999936e-15
17.0,1.0,1.7874322727272729e-12,4.5545310698829255e-14
17.0,0.0,1.5380681818181819e-12,2.2793363594847997e-14
18.0,0.0,1.511553181818182e-12,8.164385734486537e-15
18.0,1.0,1.7303845454545455e-12,4.4634655790323544e-14
18.0,2.0,1.9976933333333338e-12,3.988234954908695e-14
18.0,3.0,2.93768e-12,0.0
18.0,4.0,3.728629545454546e-12,2.2763404140053147e-13
18.0,5.0,1.2402701904761905e-11,5.432720108890385e-13
18.0,6.0,3.440634545454546e-11,1.1513403827820821e-12
18.0,7.0,4.850005e-11,1.0200409313311452e-12
18.0,8.0,5.3421199999999996e-11,1.1879874211149178e-12
18.0,9.0,5.542262727272728e-11,1.2390445381171803e-12
18.0,10.0,5.686701818181817e-11,1.409617439925509e-12
18.0,11.0,5.751222727272728e-11,1.355395906328686e-12
18.0,12.0,5.725544545454545e-11,1.3898215780606433e-12
18.0,13.0,5.7205852380952375e-11,1.2940049100587805e-12
18.0,14.0,5.677570909090909e-11,1.2724043039241216e-12
18.0,15.0,5.368533181818183e-11,1.2250265237894253e-12
18.0,16.0,3.843631818181818e-11,1.0880322649946657e-12
18.0,17.0,1.76196375e-11,7.529626409017585e-13
18.0,18.0,8.056433181818184e-12,2.2930170887810994e-13
18.0,19.0,5.60318590909091e-12,1.6251398984979976e-13
18.0,20.0,3.718415454545454e-12,1.0774175470360393e-13
18.0,21.0,2.5390371428571428e-12,5.2486310609153564e-14
18.0,22.0,1.8487499999999998e-12,9.436549510635175e-15
18.0,23.0,1.644445e-12,3.7677342570592997e-14
18.0,24.0,1.380347272727273e-12,4.807135162555176e-14
18.0,25.0,1.1926345454545453e-12,1.3896146531673902e-14
18.0,26.0,1.059151818181818e-12,2.1678765193861454e-14
18.0,27.0,9.308615e-13,1.2485424734283356e-14
18.0,28.0,8.646285454545452e-13,1.0687798658143997e-14
18.0,29.0,7.659750000000001e-13,2.2375730990598646e-14
18.0,30.0,7.040949090909089e-13,6.552489505448158e-15
19.0,30.0,7.281536190476192e-13,7.226717403240815e-15
19.0,29.0,7.636974090909092e-13,1.0892819714502063e-14
19.0,28.0,8.096119545454546e-13,1.2549688668638439e-14
19.0,27.0,9.170067272727275e-13,1.9084437244142673e-14
19.0,26.0,9.97801590909091e-13,1.3606693258229707e-14
19.0,25.0,1.148059090909091e-12,1.6984889249268523e-14
19.0,24.0,1.3232500000000002e-12,3.2260925563006094e-14
19.0,23.0,1.5620940909090908e-12,3.7720224579863947e-14
19.0,22.0,1.880675e-12,6.164943498598269e-14
19.0,21.0,2.5955211111111113e-12,8.142688519216954e-14
19.0,20.0,3.874185454545455e-12,1.3353204064695058e-13
19.0,19.0,5.747703636363636e-12,1.653736176756756e-13
19.0,18.0,8.242081818181818e-12,4.141656026566752e-13
19.0,17.0,2.002501111111111e-11,1.3333621596420953e-12
19.0,16.0,4.024367272727273e-11,1.736587570804991e-12
19.0,15.0,5.336317727272726e-11,1.2856693417444674e-12
19.0,14.0,5.5564e-11,1.2724164023263337e-12
19.0,13.0,5.6327563636363626e-11,1.1758179835739324e-12
19.0,12.0,5.659374545454545e-11,1.2998134903716256e-12
19.0,11.0,5.637086818181819e-11,1.1638441060032536e-12
19.0,10.0,5.572600952380953e-11,1.3201574101327254e-12
19.0,9.0,5.4190486363636364e-11,1.3075792634745302e-12
19.0,8.0,5.227398260869565e-11,1.191303070865708e-12
19.0,7.0,4.7094000000000004e-11,1.465358833187285e-12
19.0,6.0,3.25378e-11,1.9769672014109256e-12
19.0,5.0,1.1730990454545455e-11,6.189590634464613e-13
19.0,4.0,3.566405454545455e-12,1.1187579061080813e-13
19.0,3.0,2.4366613636363634e-12,6.758044548371117e-14
19.0,2.0,nan,nan
19.0,1.0,1.8097881818181819e-12,2.873557450528456e-14
19.0,0.0,1.5536236363636363e-12,2.586866418617047e-14
20.0,0.0,1.4860281818181818e-12,7.258553973425015e-15
20.0,1.0,1.6944578260869563e-12,3.285713766100301e-14
20.0,2.0,1.9944845454545456e-12,3.551215844637806e-14
20.0,3.0,2.3606094736842106e-12,6.103055028544352e-14
20.0,4.0,3.4853609523809523e-12,1.1636572465843822e-13
20.0,5.0,1.1833090454545454e-11,5.397487812986979e-13
20.0,6.0,3.2127559090909084e-11,1.6360476773056942e-12
20.0,7.0,4.4920604545454546e-11,1.1419127213413275e-12
20.0,8.0,4.8773604761904756e-11,1.143948945529181e-12
20.0,9.0,5.008339999999999e-11,1.030581481053735e-12
20.0,10.0,5.16051043478261e-11,1.2758443456507235e-12
20.0,11.0,5.171137391304348e-11,1.1819691433540933e-12
20.0,12.0,5.1955381818181815e-11,1.3148868145676898e-12
20.0,13.0,5.126545454545455e-11,1.105292245487086e-12
20.0,14.0,5.060875217391304e-11,1.2514026199740365e-12
20.0,15.0,4.821876521739131e-11,1.2610571409350224e-12
20.0,16.0,3.706609565217392e-11,1.911101115901115e-12
20.0,17.0,1.8437811764705883e-11,7.088523316579313e-13
20.0,18.0,7.607998181818182e-12,2.3579324496138884e-13
20.0,19.0,5.319875454545455e-12,1.313770894904252e-13
20.0,20.0,3.665175909090909e-12,8.487695675393839e-14
20.0,21.0,2.4905336363636368e-12,6.64213462775508e-14
20.0,22.0,nan,nan
20.0,23.0,1.643503181818182e-12,2.965588449752557e-14
20.0,24.0,1.3926177272727273e-12,3.2364492739563485e-14
20.0,25.0,1.2350940909090909e-12,2.169331750040904e-14
20.0,26.0,1.0377090909090907e-12,3.044654942519475e-14
20.0,27.0,9.122930454545455e-13,2.556383407806156e-14
20.0,28.0,8.382717727272726e-13,4.601026060780729e-15
20.0,29.0,8.21e-13,7.132259191996475e-15
20.0,30.0,7.421202272727272e-13,9.092671444289718e-15
21.0,30.0,7.460192857142858e-13,8.214154862725898e-15
21.0,29.0,7.736194285714286e-13,9.333517382053164e-15
21.0,28.0,8.350420476190477e-13,2.156611640751516e-14
21.0,27.0,9.163159047619048e-13,4.523314691733655e-15
21.0,26.0,1.0365212272727274e-12,1.2536122417499313e-14
21.0,25.0,1.1800340909090907e-12,2.075978972986237e-14
21.0,24.0,1.3166413636363637e-12,2.0752681819127624e-14
21.0,23.0,1.528835e-12,2.6955648041989937e-14
21.0,22.0,1.8492218181818187e-12,4.978068031935534e-14
21.0,21.0,2.490258333333333e-12,7.903130471528354e-14
21.0,20.0,3.588240909090909e-12,8.082594514303228e-14
21.0,19.0,5.140245454545455e-12,1.3171391248829867e-13
21.0,18.0,7.222034090909091e-12,1.724748842232105e-13
21.0,17.0,1.757561875e-11,3.7663627716065445e-13
21.0,16.0,3.320557391304348e-11,1.163074918226004e-12
21.0,15.0,4.1089631818181815e-11,1.1698675179019837e-12
21.0,14.0,4.2992142857142866e-11,1.0242336357219567e-12
21.0,13.0,4.336802380952381e-11,1.0169214788738669e-12
21.0,12.0,4.400833181818182e-11,1.0249342082594038e-12
21.0,11.0,4.4007427272727277e-11,9.623835921019794e-13
21.0,10.0,4.3853790909090906e-11,1.0481932775924881e-12
21.0,9.0,4.28298e-11,8.727398300232961e-13
21.0,8.0,4.1649399999999996e-11,9.27720496701458e-13
21.0,7.0,3.7940336363636365e-11,9.160504752594912e-13
21.0,6.0,2.653406666666667e-11,6.232091427085736e-13
21.0,5.0,9.247626818181818e-12,4.74823720719656e-13
21.0,4.0,3.061797272727273e-12,9.018092073875307e-14
21.0,3.0,nan,nan
21.0,2.0,nan,nan
21.0,1.0,1.6853039130434786e-12,1.3184586105564612e-14
21.0,0.0,1.4878795454545453e-12,2.097772183602766e-14
22.0,0.0,1.4181309523809524e-12,1.7626705362889376e-14
22.0,1.0,1.5816654545454547e-12,2.6607279545143055e-14
22.0,2.0,1.8093842857142856e-12,3.7469664119814316e-14
22.0,3.0,2.0828149999999997e-12,3.189268450601162e-14
22.0,4.0,2.9008728571428576e-12,1.851941611787312e-13
22.0,5.0,8.262279047619048e-12,3.5486063056205955e-13
22.0,6.0,2.1829438095238092e-11,7.464953745757828e-13
22.0,7.0,3.02081590909091e-11,7.223514201796365e-13
22.0,8.0,3.252113636363637e-11,7.497128241384736e-13
22.0,9.0,3.349295000000001e-11,7.96705787346188e-13
22.0,10.0,3.410279545454545e-11,8.266920249223699e-13
22.0,11.0,3.418548636363637e-11,7.287635670313326e-13
22.0,12.0,3.4233590909090905e-11,7.855392027189119e-13
22.0,13.0,3.3856118181818184e-11,6.989368892281814e-13
22.0,14.0,3.309975e-11,7.434484953426645e-13
22.0,15.0,3.156814999999999e-11,7.80821540983365e-13
22.0,16.0,2.5376831818181815e-11,1.0824654096452748e-12
22.0,17.0,1.3591637272727272e-11,7.41991408288789e-13
22.0,18.0,6.0562140909090904e-12,2.0979275381062676e-13
22.0,19.0,4.45165909090909e-12,1.2729078770884087e-13
22.0,20.0,3.2492386363636364e-12,1.0441592791660646e-13
22.0,21.0,2.379887272727273e-12,6.786495234064742e-14
22.0,22.0,1.8105966666666667e-12,1.6945861507230181e-15
22.0,23.0,1.623776363636363e-12,2.434720994757726e-14
22.0,24.0,1.4002431818181817e-12,3.057301013912341e-14
22.0,25.0,1.234800909090909e-12,2.317028855885974e-14
22.0,26.0,1.0550031818181817e-12,2.6064736258778254e-14
22.0,27.0,9.382093636363637e-13,1.2423245643643764e-14
22.0,28.0,8.580017142857142e-13,1.3802539363129822e-14
22.0,29.0,8.087761363636363e-13,1.2884998254825635e-14
22.0,30.0,7.781626363636365e-13,1.1769724599178e-14
23.0,30.0,7.591760454545453e-13,4.755550885565902e-15
23.0,29.0,7.917158636363636e-13,1.6860758775375596e-14
23.0,28.0,8.656374545454545e-13,1.1050029381809038e-14
23.0,27.0,9.39029e-13,9.586452619096505e-15
23.0,26.0,1.027363181818182e-12,1.7344777675234283e-14
23.0,25.0,1.1659236363636362e-12,1.5570509872382178e-14
23.0,24.0,1.3326204545454543e-12,2.1727457173998393e-14
23.0,23.0,1.5535866666666668e-12,3.3975377405428016e-14
23.0,22.0,1.827488181818182e-12,3.7268410659133945e-14
23.0,21.0,2.2201000000000002e-12,3.920000000000048e-15
23.0,20.0,2.981800769230769e-12,1.237526442584026e-13
23.0,19.0,3.910391818181818e-12,1.0572191140553446e-13
23.0,18.0,5.1910490909090905e-12,3.1495098827810544e-13
23.0,17.0,1.0721562727272725e-11,4.2624918457060717e-13
23.0,16.0,1.883061052631579e-11,5.837371866234763e-13
23.0,15.0,2.26815e-11,5.40490709700664e-13
23.0,14.0,2.410055909090909e-11,5.441227590928449e-13
23.0,13.0,2.4390122727272725e-11,5.990562653281623e-13
23.0,12.0,2.4935877272727265e-11,4.880495894437354e-13
23.0,11.0,2.5021454545454545e-11,5.472658168545891e-13
23.0,10.0,2.4974959090909087e-11,6.143965418190222e-13
23.0,9.0,2.4531422727272725e-11,5.748722094611493e-13
23.0,8.0,2.3872086363636368e-11,5.387032150497699e-13
23.0,7.0,2.2234045454545456e-11,5.16751229692228e-13
23.0,6.0,1.6362319999999997e-11,5.321305393192449e-13
23.0,5.0,6.495627727272726e-12,5.13981023835527e-13
23.0,4.0,2.508787727272727e-12,8.297550952659675e-14
23.0,3.0,1.93648e-12,3.199999999999421e-16
23.0,2.0,1.7752413636363636e-12,2.7322620048639402e-14
23.0,1.0,1.5397395454545454e-12,4.424905037268368e-14
23.0,0.0,1.3312495454545455e-12,3.164107162265133e-14
24.0,0.0,1.2739595454545453e-12,8.564888407314601e-15
24.0,1.0,1.4302731818181817e-12,1.8826026323915507e-14
24.0,2.0,1.6054859090909093e-12,3.954028551640729e-14
24.0,3.0,1.8545054545454545e-12,3.5118576504500875e-14
24.0,4.0,2.279558e-12,4.402471233296143e-14
24.0,5.0,5.677721999999999e-12,3.564826377483202e-13
24.0,6.0,1.1627570909090908e-11,2.7797267540515705e-13
24.0,7.0,1.4301584545454546e-11,3.4273935283147573e-13
24.0,8.0,1.5039430454545454e-11,3.029445512192453e-13
24.0,9.0,1.5305817272727273e-11,2.723246854597355e-13
24.0,10.0,1.5672091363636363e-11,3.809965939396243e-13
24.0,11.0,1.5588678181818183e-11,3.4566474218179024e-13
24.0,12.0,1.5597365454545457e-11,3.87154253375333e-13
24.0,13.0,1.5151085000000003e-11,3.7558983872340424e-13
24.0,14.0,1.476896590909091e-11,3.6689953324704696e-13
24.0,15.0,1.4185301363636363e-11,3.323187263797905e-13
24.0,16.0,1.131286739130435e-11,5.079350506341927e-13
24.0,17.0,6.811918636363637e-12,3.7245123218648553e-13
24.0,18.0,4.05624619047619e-12,9.153177421119635e-14
24.0,19.0,3.2367538095238095e-12,7.531320364073211e-14
24.0,20.0,2.589372857142857e-12,6.44626569745437e-14
24.0,21.0,nan,nan
24.0,22.0,1.863887272727273e-12,2.584331444789725e-14
24.0,23.0,1.5943450000000001e-12,3.45781679348006e-14
24.0,24.0,1.3523190909090907e-12,3.851016169427243e-14
24.0,25.0,1.1848350000000002e-12,2.928674999039667e-14
24.0,26.0,1.070310909090909e-12,1.2708611221276435e-14
24.0,27.0,9.805721363636364e-13,1.4190605779546399e-14
24.0,28.0,8.666775909090909e-13,1.4555283097896692e-14
24.0,29.0,7.870430000000001e-13,1.3334575458808823e-14
24.0,30.0,7.553725e-13,7.904672920322049e-15
25.0,30.0,7.325965909090908e-13,3.558994146194204e-15
25.0,29.0,7.778445000000001e-13,8.337429071526026e-15
25.0,28.0,8.382451818181819e-13,2.0202722531733552e-14
25.0,27.0,9.132012272727275e-13,1.504257710008439e-14
25.0,26.0,9.840414545454545e-13,1.4132921208451455e-14
25.0,25.0,1.09879e-12,2.7698611550368036e-14
25.0,24.0,1.2492540909090909e-12,1.3791072757763182e-14
25.0,23.0,1.4341804545454543e-12,1.1696292915928815e-14
25.0,22.0,1.6563818181818177e-12,4.4280425866019334e-14
25.0,21.0,2.0179235294117645e-12,5.4301985116045764e-14
25.0,20.0,2.3797221739130434e-12,6.956642699491847e-14
25.0,19.0,2.902836818181818e-12,8.08499714615322e-14
25.0,18.0,3.3769236363636358e-12,8.806869836798664e-14
25.0,17.0,4.464953636363637e-12,1.0594490019668693e-13
25.0,16.0,6.243386363636364e-12,1.8267637710008714e-13
25.0,15.0,7.187184999999999e-12,2.0925587357347932e-13
25.0,14.0,7.639066363636364e-12,1.7455436299709717e-13
25.0,13.0,7.833119545454545e-12,1.6909272723668183e-13
25.0,12.0,7.988195909090909e-12,2.0033493086372504e-13
25.0,11.0,8.026529545454544e-12,1.9826854964180804e-13
25.0,10.0,8.135832727272727e-12,1.6578272114103327e-13
25.0,9.0,7.888122727272726e-12,1.6545309121488795e-13
25.0,8.0,7.725455454545455e-12,1.874864676505109e-13
25.0,7.0,7.357956363636364e-12,1.6678350222383989e-13
25.0,6.0,6.155599090909092e-12,2.2312728124444395e-13
25.0,5.0,3.4146368181818195e-12,2.050610401671207e-13
25.0,4.0,nan,nan
25.0,3.0,1.7854613636363631e-12,2.510622890755753e-14
25.0,2.0,1.5585336363636363e-12,2.3818724213116383e-14
25.0,1.0,1.4282254545454545e-12,1.2792774852617064e-14
25.0,0.0,1.300305e-12,1.9237015632746812e-14
26.0,0.0,1.1900550000000004e-12,2.0454640227053163e-14
26.0,1.0,1.2668913636363636e-12,1.989408849963738e-14
26.0,2.0,1.3947904545454542e-12,2.8879413157798804e-14
26.0,3.0,1.5185827272727273e-12,1.5463518411179663e-14
26.0,4.0,1.6769236363636368e-12,1.9304071531310444e-14
26.0,5.0,2.0193157142857144e-12,6.159183905985843e-14
26.0,6.0,2.6590918181818184e-12,5.579353894138017e-14
26.0,7.0,2.914549090909091e-12,7.239931817290012e-14
26.0,8.0,3.1399134782608697e-12,7.409016420132946e-14
26.0,9.0,3.3436609090909092e-12,7.913416271285409e-14
26.0,10.0,3.590085000000001e-12,8.4462481813471e-14
26.0,11.0,3.704492727272727e-12,7.977962830548899e-14
26.0,12.0,3.769763181818181e-12,9.390678039157979e-14
26.0,13.0,3.7835863636363636e-12,9.787058382213706e-14
26.0,14.0,3.783612272727273e-12,8.708159908603055e-14
26.0,15.0,3.648013636363636e-12,9.445071300300944e-14
26.0,16.0,3.358457272727273e-12,7.951013075427546e-14
26.0,17.0,3.0533354545454546e-12,7.080678689396896e-14
26.0,18.0,2.7888836363636362e-12,6.611967507657164e-14
26.0,19.0,2.4979938095238095e-12,4.901249194276817e-14
26.0,20.0,nan,nan
26.0,21.0,1.84601e-12,2.819999999999982e-15
26.0,22.0,1.6562059090909087e-12,3.576745138696645e-14
26.0,23.0,1.4332890909090911e-12,2.774604278239773e-14
26.0,24.0,1.2413347826086955e-12,3.1679469125652597e-14
26.0,25.0,1.0624478260869567e-12,1.5750094535678126e-14
26.0,26.0,9.409657826086958e-13,1.6315075562341573e-14
26.0,27.0,8.555551363636363e-13,1.8984231842853764e-14
26.0,28.0,7.881616818181819e-13,5.315410951241532e-15
26.0,29.0,7.253415454545455e-13,5.576010750016319e-15
26.0,30.0,6.816673636363637e-13,1.8863207252950617e-14
27.0,30.0,6.282388636363638e-13,4.879926622915693e-15
27.0,29.0,7.076066818181819e-13,1.1770328362556282e-14
27.0,28.0,7.821632857142857e-13,1.7619515149652764e-14
27.0,27.0,8.643520952380952e-13,1.8193216618929996e-14
27.0,26.0,9.530440454545455e-13,1.245062358963039e-14
27.0,25.0,1.0380415e-12,2.5713327018122497e-14
27.0,24.0,1.1480986363636363e-12,1.7308791590469674e-14
27.0,23.0,1.318031818181818e-12,2.2717987994371275e-14
27.0,22.0,1.5402886363636365e-12,4.256135040315913e-14
27.0,21.0,1.8469368181818176e-12,4.253656345763164e-14
27.0,20.0,2.0589974999999998e-12,2.814088606902765e-14
27.0,19.0,2.3181644444444442e-12,4.644439976074407e-14
27.0,18.0,2.495726818181819e-12,4.443867218235234e-14
27.0,17.0,2.602289545454546e-12,6.34239269789387e-14
27.0,16.0,2.7234218181818184e-12,6.967675911184867e-14
27.0,15.0,2.812945e-12,7.078526122589487e-14
27.0,14.0,2.8634299999999996e-12,6.546388476932082e-14
27.0,13.0,2.7854445454545453e-12,6.553742176852942e-14
27.0,12.0,2.701831818181818e-12,6.238227462671832e-14
27.0,11.0,2.5943018181818186e-12,6.308810964446789e-14
27.0,10.0,2.447440909090909e-12,4.756890790394028e-14
27.0,9.0,2.1827804761904765e-12,6.119223927421104e-14
27.0,8.0,1.9575399999999998e-12,1.1516110454489367e-14
27.0,7.0,1.8705468181818185e-12,1.3675981063815928e-14
27.0,6.0,1.7562840909090906e-12,8.9453414280542e-15
27.0,5.0,1.5576104545454545e-12,3.162741496022264e-14
27.0,4.0,1.3954652173913041e-12,1.5585352897921207e-14
27.0,3.0,1.2986086363636365e-12,2.1029438088601288e-14
27.0,2.0,1.2254504545454547e-12,5.6873731572450936e-15
27.0,1.0,1.1787222727272723e-12,4.741438151426389e-15
27.0,0.0,1.106220909090909e-12,1.077982497289641e-14
28.0,0.0,1.0023615909090909e-12,1.2071802391068555e-14
28.0,1.0,1.0450168181818181e-12,7.56712830505231e-15
28.0,2.0,1.0952600000000001e-12,6.895266492311951e-15
28.0,3.0,1.139761818181818e-12,1.141831369350597e-14
28.0,4.0,1.1892536363636363e-12,9.051543587826011e-15
28.0,5.0,1.2723828571428574e-12,9.154532649306082e-15
28.0,6.0,1.3695331818181817e-12,1.574287238038613e-14
28.0,7.0,1.4662318181818187e-12,1.8861028275343464e-14
28.0,8.0,1.6195272727272723e-12,2.503642676759718e-14
28.0,9.0,1.8058250000000003e-12,2.9079470226198476e-14
28.0,10.0,2.036124166666667e-12,3.3770138055766866e-14
28.0,11.0,2.26091e-12,0.0
28.0,12.0,nan,nan
28.0,13.0,2.443501428571429e-12,5.114869260403477e-14
28.0,14.0,2.487373181818182e-12,5.566399908757442e-14
28.0,15.0,2.4634547826086956e-12,5.923493085712512e-14
28.0,16.0,2.4224718181818185e-12,6.147154342652921e-14
28.0,17.0,2.399364090909091e-12,5.402150545334961e-14
28.0,18.0,2.3082054545454545e-12,4.3010986094175865e-14
28.0,19.0,2.1879921052631574e-12,4.909973818977764e-14
28.0,20.0,1.9865783333333334e-12,1.50659587776181e-14
28.0,21.0,1.80782e-12,3.59028777018323e-14
28.0,22.0,1.554186818181818e-12,3.6081748267757923e-14
28.0,23.0,1.3236745454545458e-12,3.165966472102846e-14
28.0,24.0,1.1680465217391303e-12,2.197028855536605e-14
28.0,25.0,1.0246042727272727e-12,1.4038586814341464e-14
28.0,26.0,9.077160454545454e-13,1.1158186821087801e-14
28.0,27.0,8.460879090909091e-13,8.666492762929955e-15
28.0,28.0,7.930966818181819e-13,5.289894692080912e-15
28.0,29.0,7.211720909090909e-13,1.4073506101598685e-14
28.0,30.0,6.798494545454546e-13,6.910663813183431e-15
29.0,30.0,6.39643e-13,1.3214764434057049e-14
29.0,29.0,7.106537727272727e-13,2.3831950372121384e-14
29.0,28.0,7.417135e-13,7.715359914717931e-15
29.0,27.0,8.192054090909091e-13,2.2663561301748214e-14
29.0,26.0,8.978149523809523e-13,6.687827488919094e-15
29.0,25.0,9.71766142857143e-13,1.1872679684231085e-14
29.0,24.0,1.0796833333333333e-12,1.4333721257209006e-14
29.0,23.0,1.2129668181818182e-12,1.2167621111474366e-14
29.0,22.0,1.392754090909091e-12,3.142857698729423e-14
29.0,21.0,1.6433109090909087e-12,3.4127452946683536e-14
29.0,20.0,1.8917895454545453e-12,2.429705509227458e-14
29.0,19.0,2.06482e-12,8.292611168986495e-15
29.0,18.0,2.10598e-12,5.4286681344769765e-14
29.0,17.0,nan,nan
29.0,16.0,nan,nan
29.0,15.0,2.270956e-12,2.7040788893817332e-14
29.0,14.0,2.1981800000000002e-12,5.330264533773165e-14
29.0,13.0,2.14495e-12,4.040118562616691e-14
29.0,12.0,nan,nan
29.0,11.0,nan,nan
29.0,10.0,1.8089736363636366e-12,3.25689324280691e-14
29.0,9.0,1.5537818181818181e-12,3.35235085271059e-14
29.0,8.0,1.3607713636363638e-12,3.247382810475014e-14
29.0,7.0,1.2185490909090908e-12,6.41080686248613e-15
29.0,6.0,1.1761204545454545e-12,8.88759374187755e-15
29.0,5.0,1.1260999999999998e-12,1.7093468715485223e-14
29.0,4.0,1.0412836363636363e-12,1.876409810478378e-14
29.0,3.0,9.875507272727274e-13,1.2607657284299374e-14
29.0,2.0,9.888525454545454e-13,1.2589385730293428e-14
29.0,1.0,9.280497727272727e-13,6.516809920448524e-15
29.0,0.0,8.981248636363636e-13,6.9869601745970224e-15
30.0,0.0,8.464429090909091e-13,7.58977171119785e-15
30.0,1.0,8.688149545454545e-13,4.364268786794479e-15
30.0,2.0,8.802147727272726e-13,8.059246219725853e-15
30.0,3.0,9.221402272727273e-13,7.16197881449368e-15
30.0,4.0,9.345913333333333e-13,6.7247095411399265e-15
30.0,5.0,9.66322318181818e-13,1.101812375706649e-14
30.0,6.0,1.0181426818181817e-12,1.292788742984562e-14
30.0,7.0,1.0633204545454546e-12,1.2178053463383391e-14
30.0,8.0,1.1909763636363636e-12,2.990561220443939e-14
30.0,9.0,1.3473422727272727e-12,2.2596359306879936e-14
30.0,10.0,1.5268472727272727e-12,3.0783749872267784e-14
30.0,11.0,1.7252077272727272e-12,2.5706903022661608e-14
30.0,12.0,1.9163600000000005e-12,2.6180228313470758e-14
30.0,13.0,2.0399159090909093e-12,2.591307929828117e-14
30.0,14.0,2.0723957142857144e-12,2.8941763623398106e-14
30.0,15.0,2.0447e-12,1.3820927971739094e-14
30.0,16.0,2.0335025e-12,9.645855003575392e-15
30.0,17.0,nan,nan
30.0,18.0,2.0353978947368424e-12,2.7646308705531546e-14
30.0,19.0,1.9876190909090915e-12,1.2913478127730418e-14
30.0,20.0,1.8000577272727272e-12,2.998096197920187e-14
30.0,21.0,1.5731368181818183e-12,2.6137575074691286e-14
30.0,22.0,1.3374763636363638e-12,3.069618521537911e-14
30.0,23.0,1.1592059090909091e-12,3.047966067860079e-14
30.0,24.0,1.0097329999999999e-12,2.024572867859474e-14
30.0,25.0,9.167113636363634e-13,1.7265040856507105e-14
30.0,26.0,8.263592727272726e-13,8.874355885367974e-15
30.0,27.0,7.921633181818181e-13,9.37203540222605e-15
30.0,28.0,7.120407727272727e-13,9.13161421024295e-15
30.0,29.0,6.641189090909091e-13,1.0824481587036828e-14
30.0,30.0,6.179447272727272e-13,1.0234780342190676e-14